nnod=15;
nelem = 8;
ntype=1;
nfunc=1;
type=2;
npe=4;
ndfn=3;
ncon = [1 2 5 4
    2 3 6 5
    4 5 8 7
    5 6 9 8
    7 8 11 10
    8 9 12 11
     10 11 14 13
     11 12 15 14];
xy=[0,0
    2.5,0
    5,0
    0,2.5
    2.5,2.5
    5,2.5
    0,5
    2.5,5
    5,5
    0,7.5
    2.5,7.5
    5,7.5
    0,10
    2.5,10
    5,10];

x=xy(:,1);
y=xy(:,2);

nebc=9;
iebc=[1;2;3;4;5;6;7;8;9];
vebc=[0;0;0;0;0;0;0;0;0];

nnbc=3;
inbc=[37;40;43];
vnbc=[-12.5;-25;-12.5];
fc=0;

E=1*10^7;  NU=0.25; h=0.25;
D=(E*h^3)/(12*(1-NU^2));


C=E/(1-NU^2)*[1,NU,0;NU,1,0;0,0,(1-NU)/2];
