nnod=45;
nelem = 32;
ntype=1;
nfunc=1;
type=2;
npe=4;
ndfn=3;


ncon = [1 2 7 6
    2 3 8 7
    3 4 9 8
    4 5 10 9
    6 7 12 11
    7 8 13 12
    8 9 14 13
    9 10 15 14
    11 12 17 16
    12 13 18 17
    13 14 19 18
    14 15 20 19
    16 17 22 21
    17 18 23 22
    18 19 24 23
    19 20 25 24
    21 22 27 26
    22 23 28 27
    23 24 29 28
    24 25 30 29
    26 27 32 31
    27 28 33 32
    28 29 34 33
    29 30 35 34
    31 32 37 36
    32 33 38 37
    33 34 39 38
    34 35 40 39
    36 37 42 41
    37 38 43 42
    38 39 44 43
    39 40 45 44];

xy=[0,0
    1.25,0
    2.5,0
    3.75,0
    5,0
    0,1.25
    1.25,1.25
    2.5,1.25
    3.75,1.25
    5,1.25
    0,2.5
    1.25,2.5
    2.5,2.5
    3.75,2.5
    5,2.5
    0,3.75
    1.25,3.75
    2.5,3.75
    3.75,3.75
    5,3.75
    0,5
    1.25,5
    2.5,5
    3.75,5
    5,5
    0,6.25
    1.25,6.25
    2.5,6.25
    3.75,6.25
    5,6.25
    0,7.5
    1.25,7.5
    2.5,7.5
    3.75,7.5
    5,7.5
    0,8.75
    1.25,8.75
    2.5,8.75
    3.75,8.75
    5,8.75
    0,10
    1.25,10
    2.5,10
    3.75,10
    5,10
    ];

x=xy(:,1);
y=xy(:,2);

nebc=15;
iebc=[1;2;3;4;5;6;7;8;9;10;11;12;13;14;15];
vebc=[0;0;0;0;0;0;0;0;0;0;0;0;0;0;0];

nnbc=5;
inbc=[121;124;127;130;133];
vnbc=[-12.5;-6.25;-25;-6.25;-12.5];
fc=0;


E=1*10^7;  NU=0.25; h=0.25;
D=(E*h^3)/(12*(1-NU^2));


C=E/(1-NU^2)*[1,NU,0;NU,1,0;0,0,(1-NU)/2];
