nnod=9
nelem = 4;
ntype=1;
nfunc=1;
type=2;
npe=4;
ndfn=3;
ncon = [1 2 5 4
        2 3 6 5
        4 5 8 7
        5 6 9 8];
xy=[0,0
    2.5,0
    5.0,0
    0,2.5
    2.5,2.5
    5,2.5
    0,5
    2.5,5
    5,5];
x=xy(:,1);
y=xy(:,2);

nebc=20;
iebc=[2;3;4;7;8;9;11;12;14;16;21;23;25;26;28;29;30;33;34;35];
vebc=[0;0;0;0;0;0;0;0;0;0;0;0;0;0;0;0;0;0;0;0];

nnbc=0;
inbc=[0];
vnbc=[0];
fc=10;


E=1*10^7;  NU=0.25; h=1.0;
D=(E*h^3)/(12*(1-NU^2));


C=E/(1-NU^2)*[1,NU,0;NU,1,0;0,0,(1-NU)/2];