nnod=15;
nelem = 8;
ntype=1;
nfunc=1;
type=2;
npe=4;
ndfn=4;

ncon = [1 2 7 6
    2 3 8 7
    3 4 9 8
    4 5 10 9
    6 7 12 11
    7 8 13 12
    8 9 14 13
    9 10 15 14];

xy=[0,0
    2.5,0
    5,0
    7.5,0
    10,0
    0,2.5
    2.5,2.5
    5,2.5
    7.5,2.5
    10,2.5
    0,5
    2.5,5
    5,5
    7.5,5
    10,5];

x=xy(:,1);
y=xy(:,2);

nebc=24;
iebc=[1;2;3;4;21;22;23;24;41;42;43;45;46;49;50;53;54;58;7;11;15;19;44;57];
vebc=[0;0;0;0;0;0;0;0;0;0;0;0;0;0;0;0;0;0;0;0;0;0;0;0];

nnbc=6;
inbc=[17;37;57;13;9;5];
vnbc=[-5;-5;-5;-3.75;-2.5;-1.25];
fc=0;


E=1*10^7;  NU=0.25; h=0.25;
D=(E*h^3)/(12*(1-NU^2));


C=E/(1-NU^2)*[1,NU,0;NU,1,0;0,0,(1-NU)/2];